
073
('LA', [246.78837761945778, 112.52501282335126, 136.63163045399688])
('LAH', [213.42047930365473, 140.1436382964595, 49.793422197927164])
('LMH', [163.98835128703553, 159.93485470786973, 49.42189509098173])
('LPHC', [79.7356954973604, 176.68324256254962, 49.05447317342466])
('RA', [52.484285189738, 174.47632992638725, 144.72673475618998])
('RAH', [54.854058157654826, 170.8680497422348, 181.36531268736832])
('REC', [59.41275835799498, 163.09457077683894, 236.14800539643247])
('RMH', [186.59666708894994, 130.7687523799324, 244.3156320449905])
('RPHC', [245.17944762654346, 99.70207732093633, 211.60632122733645])